1 24 126 200 100 1.00
2 45 62 233 174 1.00
3 24 96 210 122 1.00
6 135 137 100 85 1.00
7 60 54 250 212 1.00
9 32 112 225 156 1.00
10 10 133 100 85 1.00
10 50 245 100 85 1.00
11 75 31 250 212 1.00
12 45 240 116 87 1.00
13 96 134 120 88 1.00
14 40 140 133 90 1.00
15 30 105 200 100 1.00
16 48 136 140 91 1.00
18 73 54 227 162 1.00
19 25 76 250 212 1.00
20 55 107 166 95 1.00
21 25 83 200 129 1.00
22 24 163 218 142 1.00
23 18 267 140 91 1.00
23 192 261 150 92 1.00
23 219 80 144 91 1.00
23 30 83 133 90 1.00
24 17 117 214 132 1.00
25 30 42 250 212 1.00
26 33 30 237 184 1.00
27 12 134 120 88 1.00
27 18 293 125 88 1.00
28 20 41 100 85 1.00
28 60 193 100 85 1.00
28 60 318 100 85 1.00
29 22 110 125 88 1.00
30 12 270 100 85 1.00
30 48 136 140 91 1.00
31 30 39 250 212 1.00
32 110 80 144 91 1.00
33 68 104 216 137 1.00
34 135 162 100 85 1.00
35 38 165 128 89 1.00
35 108 59 137 90 1.00
37 30 136 133 90 1.00
39 75 47 250 212 1.00
40 24 96 210 122 1.00
41 12 88 120 88 1.00
42 28 108 216 137 1.00
43 71 126 125 88 1.00
44 47 60 228 164 1.00
45 22 260 125 88 1.00
46 42 198 128 89 1.00
47 75 61 250 212 1.00
48 36 108 120 88 1.00
49 36 186 120 88 1.00
50 30 66 133 90 1.00
51 41 221 125 88 1.00
51 60 61 133 90 1.00
52 12 134 120 88 1.00
53 30 48 250 212 1.00
54 75 137 100 85 1.00
55 50 149 133 90 1.00
56 21 198 128 89 1.00
57 5 88 175 113 1.00
58 30 25 100 85 1.00
58 28 334 116 87 1.00
58 30 243 100 85 1.00
58 30 137 100 85 1.00
59 30 168 100 85 1.00
59 45 37 100 85 1.00
60 75 162 100 85 1.00
61 60 37 250 212 1.00
62 77 104 128 89 1.00
63 243 32 187 98 1.00
63 55 191 216 137 1.00
63 20 50 200 100 1.00
64 81 147 130 89 1.00
65 47 56 228 164 1.00
66 24 69 220 144 1.00
67 33 249 225 156 1.00
69 12 62 120 88 1.00
69 42 305 100 85 1.00
70 45 212 100 85 1.00
71 36 90 144 91 1.00
72 55 121 216 137 1.00
73 43 132 145 91 1.00
75 39 223 155 103 1.00
76 37 107 168 108 1.00
77 15 37 100 85 1.00
77 40 241 100 85 1.00
77 75 150 100 85 1.00
78 30 136 133 90 1.00
80 67 227 225 156 1.00
81 37 93 250 212 1.00
82 210 125 100 85 0.98
82 50 46 250 212 1.00
84 12 88 120 88 1.00
84 45 237 100 85 1.00
85 69 67 218 142 1.00
86 17 90 214 132 1.00
87 18 71 125 88 1.00
88 27 203 225 156 1.00
89 75 47 250 212 1.00
90 75 84 220 144 1.00
91 30 105 200 100 1.00
92 73 135 133 90 1.00
93 45 119 137 90 1.00
94 37 225 230 167 1.00
95 30 110 133 90 1.00
96 37 94 250 212 1.00
97 25 105 240 189 1.00
98 45 112 100 85 1.00
99 30 64 116 87 1.00
100 18 21 140 91 1.00
100 222 31 133 90 1.00
100 196 232 155 93 1.00
100 20 175 133 90 1.00
100 22 320 150 92 1.00
101 75 31 250 212 1.00
102 10 150 133 90 1.00
103 30 158 116 87 1.00
103 105 8 116 87 1.00
105 63 127 225 156 1.00
106 30 83 133 90 1.00
107 75 47 250 212 1.00
108 38 85 128 89 1.00
109 42 103 140 91 1.00
110 22 75 212 128 1.00
111 37 57 220 144 1.00
112 17 56 214 132 1.00
113 25 112 128 89 1.00
113 180 180 200 100 0.99
114 26 201 125 88 1.00
114 72 82 120 88 1.00
116 12 10 120 88 1.00
116 70 207 133 90 1.00
117 37 31 250 212 1.00
118 30 110 133 90 1.00
119 30 118 100 85 1.00
120 47 183 128 89 1.00
121 30 146 122 88 1.00
122 20 108 100 85 1.00
123 103 208 145 91 1.00
124 34 122 157 93 1.00
125 15 87 100 85 1.00
126 75 47 250 212 1.00
127 20 25 133 90 1.00
127 82 347 100 85 1.00
127 42 198 128 89 1.00
128 36 36 120 88 1.00
129 26 78 125 88 1.00
129 20 290 133 90 1.00
130 31 253 218 142 1.00
132 25 191 128 89 1.00
132 36 88 120 88 1.00
133 40 128 116 87 1.00
133 51 234 142 91 1.00
134 35 58 241 193 1.00
135 60 58 250 212 1.00
140 20 132 116 87 1.00
140 12 258 120 88 1.00
141 25 172 207 116 1.00
142 28 90 222 149 1.00
143 75 31 250 212 1.00
144 21 92 142 91 1.00
146 42 197 157 93 1.00
147 84 125 150 92 1.00
148 73 182 144 91 1.00
149 33 274 112 86 1.00
150 25 98 116 87 1.00
151 75 63 250 212 1.00
152 30 110 133 90 1.00
153 93 184 212 128 1.00
155 30 105 128 89 1.00
156 25 274 116 87 1.00
156 75 87 100 85 1.00
157 130 60 222 149 1.00
158 45 105 250 212 1.00
159 30 42 250 212 1.00
160 25 20 250 212 1.00
161 37 180 150 92 1.00
162 21 152 222 149 1.00
163 30 211 150 92 1.00
164 10 163 133 90 1.00
165 132 92 171 95 1.00
166 21 145 128 89 1.00
167 48 40 140 91 1.00
168 26 201 125 88 1.00
172 34 31 250 212 1.00
174 90 25 250 212 1.00
176 72 78 221 148 1.00
177 20 183 100 85 1.00
177 24 315 100 85 1.00
177 40 52 133 90 1.00
178 20 141 216 137 1.00
179 53 96 221 148 1.00
181 15 200 100 85 1.00
182 50 45 250 212 1.00
183 25 72 116 87 1.00
185 22 35 225 156 1.00
186 21 211 128 89 1.00
187 131 73 137 90 1.00
188 25 165 128 89 1.00
189 40 95 144 91 1.00
190 46 90 145 91 1.00
191 25 67 128 89 1.00
193 17 82 225 156 1.00
193 31 266 214 132 1.00
194 18 171 140 91 1.00
196 38 138 128 89 1.00
197 20 91 100 85 1.00
198 25 188 214 132 1.00
199 15 137 100 85 1.00
200 41 45 125 88 1.00
201 30 90 116 87 1.00
202 185 113 145 91 1.00
203 38 165 157 93 1.00
205 60 173 150 92 1.00
206 37 106 250 212 1.00
207 36 212 120 88 1.00
207 110 72 116 87 1.00
208 197 84 142 91 1.00
209 24 78 225 156 1.00
210 37 60 250 212 1.00
211 41 283 137 90 1.00
211 90 83 133 90 1.00
212 20 140 133 90 1.00
213 36 134 120 88 1.00
214 60 58 250 212 1.00
215 75 91 250 212 1.00
216 60 165 144 91 1.00
217 20 115 208 118 1.00
218 36 62 120 88 1.00
218 45 212 100 85 1.00
219 20 194 133 90 1.00
220 40 116 155 93 1.00
221 25 74 220 144 1.00
222 62 40 216 137 1.00
223 15 102 116 87 1.00
224 50 44 250 212 1.00
225 31 119 218 142 1.00
226 64 40 250 212 1.00
227 60 111 231 170 1.00
228 68 130 142 91 1.00
229 72 34 221 148 1.00
230 37 31 250 212 1.00
231 21 75 128 89 1.00
232 22 132 212 128 1.00
233 41 60 225 156 1.00
234 61 109 218 142 1.00
235 10 258 100 85 1.00
236 57 70 225 156 1.00
237 25 135 114 87 1.00
238 70 75 222 149 1.00
239 12 284 120 88 1.00
239 75 137 100 85 1.00
240 31 60 218 142 1.00
240 250 60 200 100 0.99
241 216 114 120 88 1.00
242 25 112 128 89 1.00
243 30 250 100 85 1.00
243 30 37 100 85 1.00
244 50 46 250 212 1.00
245 30 100 100 85 1.00
246 41 190 137 90 1.00
247 15 60 200 100 1.00
247 40 200 200 100 1.00
248 22 50 100 85 1.00
249 20 191 100 85 1.00
249 60 35 133 90 1.00
249 96 316 120 88 1.00
250 45 287 100 85 1.00
252 195 137 100 85 1.00
253 49 208 250 212 1.00
254 83 146 133 90 1.00
255 15 112 100 85 1.00
256 39 94 230 167 1.00
257 50 135 144 91 1.00
258 0 87 100 85 1.00
258 7 275 100 85 1.00
259 22 208 125 88 1.00
260 108 94 250 212 1.00
261 30 163 133 90 1.00
262 90 37 250 212 1.00
263 64 63 250 212 1.00
264 20 238 133 90 1.00
264 70 58 100 85 1.00
265 0 37 100 85 1.00
265 80 116 100 85 1.00
265 90 287 100 85 1.00
266 22 78 218 142 1.00
267 69 66 220 144 1.00
268 75 31 250 212 1.00
269 0 66 220 144 1.00
270 23 73 230 167 1.00
270 32 222 222 149 1.00
271 43 124 166 95 1.00
272 33 123 140 91 1.00
273 30 165 200 100 1.00
274 70 116 100 85 1.00
275 10 66 100 85 1.00
275 40 316 100 85 1.00
275 130 266 100 85 1.00
276 25 124 116 87 1.00
277 20 66 100 85 1.00
277 45 287 100 85 1.00
278 71 110 218 142 1.00
279 150 143 100 85 1.00
280 30 202 128 89 1.00
281 26 230 200 126 1.00
281 20 45 208 118 1.00
282 20 114 133 90 1.00
283 20 130 208 118 1.00
284 30 39 250 212 1.00
285 48 163 140 91 1.00
286 90 78 128 89 1.00
286 25 212 214 132 1.00
287 38 108 128 89 1.00
288 10 83 100 85 1.00
289 48 155 120 88 1.00
289 51 356 114 87 1.00
289 72 17 128 89 1.00
290 36 108 233 174 1.00
291 10 58 100 85 1.00
291 15 287 100 85 1.00
292 22 136 125 88 1.00
293 40 59 242 196 1.00
294 27 113 221 148 1.00
295 40 30 172 114 1.00
295 58 209 183 109 1.00
295 222 207 206 114 1.00
296 15 212 100 85 1.00
296 43 62 144 91 1.00
296 36 337 160 94 1.00
297 24 155 120 88 1.00
298 17 249 214 132 1.00
298 87 36 210 122 1.00
299 15 79 218 142 1.00
300 28 112 222 149 1.00
301 75 126 250 212 1.00
302 193 134 155 93 1.00
303 15 77 218 142 1.00
304 46 83 144 91 1.00
305 25 98 116 87 1.00
307 51 109 114 87 1.00
308 15 162 100 85 1.00
309 112 31 250 212 1.00
312 12 258 120 88 1.00
313 33 194 170 116 1.00
314 36 62 120 88 1.00
315 60 87 250 212 1.00
316 55 102 157 93 1.00
317 12 114 120 88 1.00
318 135 112 100 85 1.00
319 26 143 125 88 1.00
320 35 45 241 193 1.00
321 30 128 150 92 1.00
322 75 31 250 212 1.00
323 35 45 241 193 1.00
325 48 105 130 89 1.00
326 63 91 222 149 1.00
327 103 76 133 90 1.00
328 15 87 100 85 1.00
328 15 262 100 85 1.00
328 70 166 100 85 1.00
329 30 158 116 87 1.00
330 30 153 114 87 1.00
331 12 36 120 88 1.00
331 40 340 116 87 1.00
331 35 205 116 87 1.00
332 42 55 225 156 1.00
333 133 85 133 90 1.00
333 144 209 120 88 1.00
334 36 186 120 88 1.00
334 63 342 140 91 1.00
334 110 9 125 88 1.00
335 126 110 144 91 1.00
336 25 18 250 212 1.00
337 30 118 100 85 1.00
338 41 150 170 121 1.00
339 73 58 133 90 1.00
339 90 300 150 92 1.00
340 25 16 250 212 1.00
341 15 112 100 85 1.00
343 71 57 225 156 1.00
344 33 198 125 88 1.00
345 225 137 100 85 1.00
346 42 169 157 93 1.00
348 135 133 137 90 1.00
349 30 41 250 212 1.00
350 28 89 222 149 1.00
351 15 62 100 85 1.00
351 30 300 100 85 1.00
352 25 150 116 87 1.00
353 75 125 140 91 1.00
354 75 63 250 212 1.00
355 31 84 225 156 1.00
357 99 179 150 92 1.00
358 25 158 220 144 1.00
359 116 87 233 174 1.00
360 103 53 250 212 1.00
361 27 49 221 148 1.00
362 8 97 214 132 1.00
363 270 50 100 85 1.00
363 20 155 216 137 1.00
364 60 56 250 212 1.00
365 26 104 125 88 1.00
366 34 134 142 91 1.00
366 250 90 200 100 0.99
367 41 58 231 170 1.00
368 8 318 128 89 1.00
368 120 53 144 91 1.00
369 90 118 233 174 1.00
370 31 61 225 156 1.00
371 48 96 140 91 1.00
372 31 110 218 142 1.00
373 57 122 220 144 1.00
374 30 81 100 85 1.00
375 25 82 128 89 1.00
376 60 137 144 91 1.00
377 123 87 233 174 1.00
378 31 166 212 128 1.00
379 32 91 225 156 1.00
380 75 94 250 212 1.00
382 52 179 183 109 1.00
383 48 94 125 88 1.00
384 45 112 233 174 1.00
385 60 87 250 212 1.00
387 20 121 216 137 1.00
388 25 108 128 89 1.00
388 15 337 100 85 1.00
389 30 13 133 90 1.00
389 172 341 150 92 1.00
389 225 112 100 85 1.00
389 169 208 150 92 1.00
389 96 134 120 88 1.00
390 32 50 216 137 1.00
391 30 81 100 85 1.00
391 30 212 100 85 1.00
392 25 98 116 87 1.00
393 25 112 128 89 1.00
394 30 89 166 95 1.00
395 26 149 125 88 1.00
396 20 140 133 90 1.00
397 42 198 128 89 1.00
398 36 90 144 91 1.00
399 17 77 214 132 1.00
400 17 165 128 89 1.00
400 90 337 100 85 1.00
401 105 112 100 85 1.00
402 60 54 250 212 1.00
403 48 55 216 137 1.00
406 75 47 250 212 1.00
407 30 206 133 90 1.00
408 50 48 250 212 1.00
409 71 49 218 142 1.00
410 94 238 171 95 1.00
410 20 55 208 118 1.00
412 15 62 100 85 1.00
412 12 160 120 88 1.00
415 30 115 183 97 1.00
416 88 163 150 92 1.00
417 22 84 125 88 1.00
417 20 316 100 85 1.00
418 30 112 100 85 1.00
419 24 67 120 88 1.00
419 24 253 120 88 1.00
420 171 107 142 91 1.00
421 52 201 242 196 1.00
423 60 135 200 100 0.99
424 12 212 120 88 1.00
425 136 78 200 123 1.00
427 30 90 116 87 1.00
428 7 91 125 88 1.00
429 15 287 100 85 1.00
429 54 90 100 85 1.00
431 30 195 200 100 1.00
433 25 138 214 132 1.00
434 90 109 154 93 1.00
435 30 81 100 85 1.00
435 20 241 100 85 1.00
436 70 60 222 149 1.00
437 34 57 142 91 1.00
437 30 206 133 90 1.00
438 34 180 142 91 1.00
439 12 114 120 88 1.00
440 30 260 133 90 1.00
440 66 82 140 91 1.00
441 24 181 120 88 1.00
441 38 323 150 92 1.00
441 35 35 133 90 1.00
442 70 99 214 132 1.00
443 42 157 140 91 1.00
444 30 123 181 110 1.00
445 50 46 250 212 1.00
446 15 112 100 85 1.00
447 47 102 228 164 1.00
448 12 191 100 85 1.00
448 36 88 120 88 1.00
449 30 83 133 90 1.00
450 36 196 180 97 1.00
453 15 112 100 85 1.00
454 90 37 250 212 1.00
455 27 94 216 137 1.00
457 20 114 133 90 1.00
458 66 235 100 85 1.00
460 72 160 120 88 1.00
461 26 76 231 170 1.00
462 117 114 228 164 1.00
464 15 225 100 85 1.00
464 45 87 100 85 1.00
465 48 111 225 156 1.00
466 56 157 250 212 1.00
467 42 238 140 91 1.00
467 230 158 100 85 1.00
469 24 129 120 88 1.00
470 50 136 133 90 1.00
471 20 132 116 87 1.00
472 10 83 133 90 1.00
473 24 155 120 88 1.00
474 43 149 155 93 1.00
475 52 191 150 92 1.00
476 75 262 100 85 1.00
478 30 75 100 85 1.00
478 12 258 120 88 1.00
480 24 51 120 88 1.00
480 100 191 100 85 1.00
480 90 312 100 85 1.00
481 36 160 120 88 1.00
482 41 106 137 90 1.00
483 42 111 240 189 1.00
484 36 60 222 149 1.00
486 12 309 210 122 1.00
487 250 167 154 93 1.00
488 12 42 210 122 1.00
489 83 56 250 212 1.00
490 131 223 137 90 1.00
491 144 103 120 88 1.00
492 75 87 100 85 1.00
493 67 98 141 91 1.00
494 55 102 157 93 1.00
495 61 89 200 152 1.00
496 60 37 250 212 1.00
497 43 110 144 91 1.00
498 17 179 128 89 1.00
499 52 81 150 92 1.00
500 95 102 116 87 1.00
